['estmod93 00   0 39264811 38346811 40182811 15.1 14.8 15.5 15727492 15239667 16215317 22.7 22.0 23.4  9814133  9407946 10220320 20.4 19.6 21.3  31241  31001  31481 5367476 5064223 5670729 26.5 25.0 28.0 United States                                 US\r']
['estmod95 00   0 36424609 35534124 37315094 13.8 13.5 14.1 14665019 14189284 15140754 20.8 20.1 21.5  9306018  8908791  9703245 18.7 17.9 19.5  34076  33752  34400 4816366 4522061 5110671 24.2 22.7 25.6 United States                                 US']
['estmod97 00   0 35573858 34643448 36504268 13.3 12.9 13.6 14113067 13617857 14608277 19.9 19.2 20.6  9306705  8877168  9736242 18.4 17.6 19.3  37005  36724  37286 4223539 3932014 4515064 21.7 20.2 23.2 United States                                 US']
['estmod98 00   0 34475762 33555896 35395628 12.7 12.4 13.1 13466544 12979586 13953502 18.9 18.2 19.6  8922935  8511476  9334394 17.5 16.7 18.3  38885  38507  39263 4038584 3752962 4324206 20.8 19.4 22.3 United States                                 US']
['estmod99 00   0 32791272 31891000 33691544 11.9 11.5 12.2 12280321 11810623 12750019 17.1 16.5 17.8  8188068  7791630  8584506 15.9 15.1 16.6  40696  40383  41009 3594416 3323894 3864938 18.9 17.5 20.4 United States                                 US']
['estmod00 00   0 31581086 30695361 32466811 11.3 11.0 11.6 11587118 11127838 12046398 16.2 15.5 16.8  7536575  7154100  7919050 14.6 13.9 15.4  41990  41773  42207 3583098 3312911 3853285 18.7 17.3 20.1 United States                                 US est00ALL.dat 09OCT2003']
['estmod01 00   0 32906511 32262565 33550457 11.7 11.5 11.9 11732684 11403410 12061958 16.3 15.8 16.7  7662294  7387461  7937127 14.8 14.3 15.3  42228  42016  42440 3575879 3383307 3768451 18.6 17.6 19.6 United States                                 US est01ALL.dat 29OCT2004']
['estmod02 00   0 34569951 33912173 35227729 12.1 11.9 12.3 12132645 11795343 12469947 16.7 16.2 17.2  8004514  7722500  8286528 15.3 14.8 15.9  42409  42180  42638 3727193 3530466 3923920 19.0 18.0 20.0 United States                                 US est02ALL.dat 29OCT2004']
['estmod03 00   0 35861170 35190401 36531939 12.5 12.2 12.7 12865806 12519657 13211955 17.6 17.2 18.1  8399573  8111130  8688016 16.1 15.5 16.6  43318  43009  43627 4021366 3817517 4225215 20.3 19.3 21.4 United States                                 US est03ALL.dat 21SEP2006']
['estmod04 00   0 37039804 36359662 37719946 12.7 12.5 13.0 13041492 12694086 13388898 17.8 17.3 18.3  8430886  8142299  8719473 16.2 15.6 16.7  44334  44012  44656 4123715 3917910 4329520 20.5 19.5 21.5 United States                                 US est04ALL.txt 06DEC2006\r']
['estmod05 00   0 38231474 37934924 38528024 13.3 13.2 13.4 13360273 13217771 13502775 18.5 18.4 18.7  8765541  8662789  8868293 17.0 16.8 17.2  46242  46138  46346 4242948 4187205 4298691 21.3 21.0 21.5 United States                                 US est05ALL.txt 10DEC2007\r']
['estmod06 00   0 38757253 38535015 38979491 13.3 13.2 13.4 13285569 13170950 13400188 18.3 18.2 18.5  8700048  8613863  8786233 16.7 16.6 16.9  48451  48369  48533 4211345 4166465 4256225 21.0 20.8 21.2 United States                                 US est06ALL.txt 18NOV2008\r']
['estmod07 00   0 38052247 37829283 38275211 13.0 12.9 13.0 13097100 12981173 13213027 18.0 17.9 18.2  8499844  8419720  8579968 16.4 16.2 16.5  50740  50665  50815 4229120 4178842 4279398 20.8 20.5 21.0 United States                                 US est07ALL.txt 18NOV2008\r']
['estmod08 00   0 39108422 38858742 39358102 13.2 13.1 13.3 13240870 13115296 13366444 18.2 18.0 18.4  8549526  8469455  8629597 16.5 16.3 16.6  52029  51956  52102 4369698 4311741 4427655 21.2 20.9 21.5 United States                                 US est08ALL.txt 16OCT2009\r']
['estmod09 00   0 42868163 42631574 43104752 14.3 14.3 14.4 14656962 14526159 14787765 20.0 19.8 20.2  9509142  9419830  9598454 18.2 18.1 18.4  50221  50147  50295 4849988 4792377 4907599 23.2 23.0 23.5 United States                                 US est09ALL.txt 22OCT2010\r']
['estmod10 00   0 46215956 45975650 46456262 15.3 15.2 15.4 15749129 15621395 15876863 21.6 21.4 21.8 10484513 10394015 10575011 19.8 19.6 20.0  50046  49982  50110 4961524 4910772 5012276 25.0 24.8 25.2 United States                                 US est10ALL.txt 24OCT2011\r']
['estmod11 00   0 48452035 48217869 48686201 15.9 15.8 16.0 16386500 16262247 16510753 22.5 22.3 22.7 10976987 10882675 11071299 20.8 20.6 21.0  50502  50429  50575 5110087 5061357 5158817 25.8 25.6 26.0 United States                                 US est11ALL.txt 28NOV2012']
['estmod12 00   0 48760123 48528543 48991703 15.9 15.8 16.0 16396863 16275868 16517858 22.6 22.4 22.8 11086537 10995403 11177671 21.0 20.8 21.2  51371  51318  51424 5014970 4971692 5058248 25.6 25.4 25.8 United States                                 US est12ALL.txt 15NOV2013']
['estmod13 00   0 48810868 48554692 49067044 15.8 15.7 15.9 16086960 15948844 16225076 22.2 22.0 22.4 10958232 10860529 11055935 20.8 20.6 21.0  52250  52185  52315 4811689 4759374 4864004 24.8 24.5 25.1 United States                                 US est13ALL.txt 05NOV2014']
